100075:   0.0000  0.0000  0.2000  0.1812  0.1450  4.4738  0.9686
100080:   0.0000  0.0000  0.1000  0.1132  0.1106  4.6762  0.9939
100098:   0.0000  0.0000  0.1000  0.1682  0.1060  4.6258  0.9940
101085:   0.2043  0.0000  0.4333  0.4040  0.1110  3.8473  0.9506
101087:   0.0000  0.0063  0.1667  0.1072  0.1117  4.6082  0.9715
102061:   0.0935  0.0000  0.1000  0.1916  0.1054  4.5095  0.9482
103041:   0.0000  0.0181  0.1333  0.2634  0.1418  4.4434  0.9846
103070:   0.0000  0.0438  0.2000  0.2129  0.1456  4.3977  0.9728
104022:   0.0000  0.0102  0.1333  0.2442  0.1419  4.4704  0.9612
105019:   0.0000  0.0000  0.1333  0.1234  0.1241  4.6191  0.9768
105025:   0.0271  0.0000  0.1667  0.2289  0.1160  4.4613  0.9892
105053:   0.0000  0.0368  0.2333  0.1866  0.1201  4.4231  0.9849
106020:   0.0009  0.0509  0.1333  0.3557  0.1169  4.3422  0.9781
106024:   0.0000  0.0631  0.1000  0.0956  0.1469  4.5945  0.9957
106025:   0.0000  0.0000  0.1000  0.0843  0.0931  4.7226  0.9947
108005:   0.0000  0.0000  0.1000  0.1234  0.1336  4.6430  0.9869
108041:   0.0000  0.0000  0.1000  0.1703  0.1396  4.5901  0.9717
108070:   0.0000  0.0566  0.1000  0.0886  0.1358  4.6190  0.9833
108073:   0.0000  0.0000  0.1000  0.0646  0.0923  4.7432  0.9942
108082:   0.0000  0.0508  0.1333  0.1488  0.0944  4.5727  0.9890
109034:   0.0000  0.0267  0.5667  0.3650  0.1550  3.8867  0.9531
109053:   0.0000  0.0000  0.1000  0.1878  0.1342  4.5780  0.9776
112082:   0.0000  0.0000  0.1333  0.2064  0.1357  4.5245  0.9894
113009:   0.0000  0.0731  0.1000  0.2535  0.1426  4.4308  0.9802
113016:   0.0000  0.0718  0.2000  0.2115  0.0957  4.4210  0.9764
113044:   0.0530  0.1523  0.1667  0.2088  0.1140  4.3052  0.9832
117054:   0.0000  0.0000  0.4000  0.1411  0.1172  4.3417  0.9674
118020:   0.0000  0.0000  0.1000  0.0762  0.1326  4.6912  0.9991
118035:   0.0587  0.0353  0.2333  0.3954  0.0908  4.1864  0.9857
119082:   0.0000  0.0000  0.1333  0.1346  0.1396  4.5925  0.8777
12003:   0.0000  0.1451  0.2000  0.2669  0.1208  4.2673  0.9674
12074:   0.0000  0.0364  0.1000  0.1796  0.0706  4.6134  0.9886
12084:   0.1642  0.0000  0.1333  0.6324  0.1457  3.9244  0.9604
122048:   0.0000  0.0156  0.2667  0.2432  0.1261  4.3484  0.9176
123074:   0.0000  0.1126  0.1000  0.1031  0.1546  4.5297  0.9919
124084:   0.1267  0.0210  0.1000  0.1579  0.1103  4.4840  0.9918
126007:   0.0000  0.0000  0.2000  0.3782  0.1289  4.2929  0.9532
126039:   0.0000  0.0993  0.2000  0.2681  0.1306  4.3020  0.9561
130026:   0.0000  0.1442  0.1000  0.1130  0.1402  4.5026  0.9772
130034:   0.0000  0.0518  0.1333  0.2847  0.1714  4.3587  0.9762
134008:   0.0000  0.0731  0.1000  0.1333  0.1166  4.5770  0.9925
134035:   0.0000  0.0000  0.1333  0.4044  0.1582  4.3040  0.9662
134052:   0.0000  0.0000  0.1333  0.2227  0.1357  4.5083  0.9789
135037:   0.0000  0.2999  0.2333  0.2167  0.1377  4.1124  0.9729
135069:   0.0000  0.2280  0.1000  0.0765  0.0622  4.5334  0.9939
138032:   0.2694  0.1396  0.4333  0.7465  0.1749  3.2363  0.9755
138078:   0.0000  0.0716  0.1000  0.0959  0.0721  4.6604  0.9963
140055:   0.0000  0.1709  0.1333  0.1237  0.1351  4.4370  0.9859
140075:   0.0404  0.0000  0.1000  0.2600  0.1458  4.4538  0.6443
14037:   0.0000  0.0000  0.2667  0.3244  0.1192  4.2898  0.8931
143090:   0.0000  0.0896  0.1000  0.0909  0.0839  4.6356  0.9365
144067:   0.0000  0.0526  0.1333  0.1670  0.1407  4.5064  0.7118
145014:   0.0000  0.0276  0.1000  0.1188  0.0780  4.6755  0.9940
145053:   0.0000  0.0508  0.3000  0.2486  0.1479  4.2526  0.9803
145086:   0.0398  0.0000  0.1000  0.1172  0.0633  4.6797  0.9887
147021:   0.0000  0.1288  0.2000  0.0915  0.1277  4.4520  0.9907
147062:   0.0000  0.1802  0.1000  0.1296  0.0906  4.4997  0.9931
147091:   0.0000  0.0945  0.1000  0.0987  0.1113  4.5955  0.9946
148026:   0.1676  0.0000  0.4667  0.5982  0.1475  3.6200  0.8995
148089:   0.0672  0.0000  0.1000  0.2596  0.1192  4.4540  0.8710
15004:   0.0000  0.1303  0.1000  0.1811  0.1579  4.4308  0.9864
15088:   0.0000  0.0000  0.1000  0.0952  0.0669  4.7379  0.9853
151087:   0.0000  0.0357  0.2000  0.2649  0.1144  4.3850  0.9622
153077:   0.0434  0.0596  0.4333  0.3491  0.1146  4.0000  0.9280
153093:   0.0000  0.0837  0.3000  0.3773  0.1403  4.0987  0.9584
155060:   0.0000  0.1153  0.2667  0.2922  0.1472  4.1787  0.9679
156065:   0.0000  0.0802  0.3333  0.3892  0.1631  4.0341  0.7942
156079:   0.0000  0.2467  0.3000  0.2469  0.1306  4.0758  0.9263
157036:   0.1939  0.0000  0.5667  0.4517  0.1077  3.6801  0.9287
157055:   0.0965  0.0453  0.5333  0.3883  0.1498  3.7868  0.9870
159008:   0.0750  0.0614  0.1000  0.2046  0.1387  4.4203  0.9379
159029:   0.0000  0.0000  0.2667  0.2854  0.1574  4.2906  0.9482
159045:   0.0000  0.0000  0.2000  0.2205  0.1725  4.4070  0.9815
159091:   0.0000  0.0000  0.3000  0.1664  0.0889  4.4447  0.9833
160068:   0.0239  0.1115  0.1000  0.1853  0.0906  4.4888  0.9451
16052:   0.0000  0.0000  0.1667  0.2163  0.1490  4.4680  0.9793
16077:   0.1234  0.0299  0.4667  0.4760  0.1599  3.7442  0.9825
161062:   0.0000  0.0420  0.1000  0.2120  0.1145  4.5315  0.9902
163014:   0.0000  0.1487  0.1333  0.3203  0.1208  4.2768  0.9541
163062:   0.0000  0.0370  0.3667  0.3071  0.1157  4.1735  0.9820
163085:   0.0423  0.0000  0.1000  0.1126  0.0984  4.6467  0.9919
164074:   0.0899  0.0000  0.2000  0.3010  0.1277  4.2814  0.9896
166081:   0.0000  0.0000  0.1000  0.2304  0.1327  4.5369  0.9100
167062:   0.0623  0.3125  0.3000  0.0903  0.1101  4.1247  0.9803
167083:   0.0468  0.0000  0.3333  0.4652  0.1459  4.0088  0.6411
169012:   0.1164  0.1394  0.1667  0.6260  0.1714  3.7802  0.6299
170054:   0.0443  0.0000  0.1667  0.3291  0.1316  4.3284  0.9684
170057:   0.0000  0.0000  0.1000  0.1477  0.1295  4.6228  0.9555
172032:   0.0194  0.1259  0.3000  0.4243  0.1276  4.0029  0.9648
173036:   0.0000  0.2824  0.1000  0.0836  0.1668  4.3672  0.9933
175032:   0.0000  0.0000  0.2000  0.2627  0.1795  4.3578  0.7663
175043:   0.0000  0.0000  0.1333  0.2142  0.1698  4.4827  0.8693
176019:   0.0000  0.0000  0.1667  0.1566  0.1516  4.5251  0.7588
176035:   0.0000  0.2411  0.8667  0.5869  0.1527  3.1527  0.6272
176039:   0.0000  0.0498  0.1000  0.2918  0.0981  4.4603  0.9005
178054:   0.0000  0.1131  0.1667  0.3888  0.1480  4.1834  0.7953
181018:   0.0850  0.0209  0.1333  0.3350  0.1374  4.2883  0.9367
181079:   0.1239  0.0419  0.1000  0.1946  0.0972  4.4424  0.9973
181091:   0.0000  0.1735  0.1000  0.1250  0.1295  4.4720  0.9955
182053:   0.0182  0.0080  0.1000  0.2054  0.1100  4.5583  0.9555
183055:   0.0754  0.0000  0.4000  0.5877  0.1372  3.7997  0.4129
183087:   0.0896  0.0000  0.1333  0.2795  0.1203  4.3773  0.9851
187003:   0.0000  0.0397  0.2333  0.2382  0.1582  4.3306  0.8965
187029:   0.0000  0.0000  0.1000  0.0779  0.1025  4.7196  0.9967
187039:   0.0000  0.0000  0.1000  0.1018  0.1387  4.6594  0.9862
187071:   0.0276  0.0990  0.1333  0.4587  0.1319  4.1495  0.8412
187083:   0.1700  0.0125  0.2333  0.2446  0.1429  4.1966  0.9936
188005:   0.0000  0.0000  0.2000  0.1362  0.0921  4.5717  0.8423
188063:   0.0000  0.1409  0.1000  0.1849  0.1426  4.4315  0.9942
188091:   0.0000  0.1523  0.1333  0.1693  0.1554  4.3898  0.9872
189003:   0.3500  0.0000  0.3333  0.5942  0.1715  3.5510  0.8623
189011:   0.0503  0.1289  0.1333  0.1196  0.0600  4.5079  0.9814
189080:   0.2471  0.0000  0.1000  0.1674  0.0627  4.4228  0.9210
19021:   0.0000  0.0000  0.1667  0.2022  0.1291  4.5020  0.9918
196015:   0.0000  0.0797  0.2333  0.2642  0.1455  4.2772  0.9660
196073:   0.0000  0.0000  0.1000  0.1000  0.1388  4.6612  0.9957
197017:   0.0000  0.0000  0.1667  0.2508  0.1021  4.4804  0.9660
198004:   0.3604  0.0000  0.2667  0.2589  0.1130  4.0010  0.9851
198023:   0.0577  0.1068  0.3000  0.2830  0.1368  4.1157  0.9869
198054:   0.1899  0.0000  0.2333  0.4446  0.1126  4.0196  0.9912
20008:   0.0000  0.1447  0.1667  0.4878  0.1464  4.0544  0.8170
202012:   0.0000  0.1000  0.1000  0.1511  0.1665  4.4823  0.9776
207056:   0.0207  0.0318  0.1000  0.1425  0.1062  4.5987  0.9863
208001:   0.0000  0.2648  0.1000  0.1518  0.0964  4.3869  0.9960
209070:   0.0000  0.0000  0.1000  0.2457  0.1631  4.4911  0.9934
2092:   0.0000  0.2892  0.3333  0.2226  0.1506  4.0042  0.9311
210088:   0.0000  0.0058  0.1000  0.1591  0.1510  4.5841  0.9971
21077:   0.0000  0.0447  0.1333  0.1778  0.1296  4.5146  0.9909
216041:   0.0000  0.1102  0.1667  0.1701  0.1330  4.4201  0.9853
216053:   0.0000  0.1904  0.1000  0.1280  0.1214  4.4602  0.9738
216066:   0.0000  0.0000  0.1000  0.0951  0.1555  4.6494  0.9994
216081:   0.0700  0.0573  0.2333  0.3825  0.1446  4.1122  0.9446
219090:   0.0000  0.0000  0.5667  0.4844  0.1453  3.8036  0.9728
220075:   0.0943  0.1252  0.4333  0.4888  0.1471  3.7113  0.9444
22013:   0.0308  0.0176  0.1667  0.3823  0.1502  4.2524  0.8872
22090:   0.0000  0.1512  0.4667  0.3776  0.1175  3.8870  0.7592
22093:   0.0000  0.2650  0.6000  0.2977  0.1697  3.6677  0.9358
223061:   0.0992  0.0000  0.2333  0.4079  0.1162  4.1434  0.9861
225017:   0.0000  0.1802  0.4667  0.2695  0.1484  3.9352  0.8820
227040:   0.0064  0.0000  0.1000  0.3313  0.1401  4.4222  0.9505
227046:   0.0473  0.0345  0.1000  0.2935  0.1057  4.4190  0.8725
227092:   0.1159  0.0000  0.1000  0.1234  0.1188  4.5419  0.9974
229036:   0.0076  0.0000  0.1000  0.1728  0.1047  4.6150  0.9933
23025:   0.0599  0.0097  0.1000  0.1727  0.1161  4.5415  0.9939
23080:   0.0000  0.0000  0.1000  0.2189  0.1430  4.5381  0.9889
23084:   0.2045  0.0456  0.3000  0.4651  0.1283  3.8565  0.9309
231015:   0.0000  0.0587  0.2000  0.4874  0.1613  4.0925  0.9324
232038:   0.0000  0.0813  0.1333  0.1867  0.1314  4.4673  0.9834
236017:   0.0000  0.0000  0.1667  0.1739  0.1634  4.4960  0.9680
236037:   0.0000  0.0050  0.1333  0.1515  0.1541  4.5561  0.9850
238011:   0.0237  0.3604  0.4333  0.3507  0.1730  3.6589  0.6447
239007:   0.0000  0.0000  0.2000  0.1682  0.0883  4.5435  0.8741
239096:   0.1447  0.0000  0.1667  0.2886  0.1321  4.2680  0.9387
24004:   0.1506  0.0273  0.3333  0.2913  0.1178  4.0797  0.9959
24063:   0.1687  0.0000  0.1333  0.3381  0.0827  4.2773  0.9652
24077:   0.0000  0.0405  0.2333  0.4151  0.1321  4.1790  0.9545
241004:   0.0000  0.0454  0.4667  0.3926  0.1271  3.9682  0.9364
241048:   0.0169  0.2141  0.3667  0.2154  0.1709  4.0160  0.5748
242078:   0.1162  0.0252  0.2000  0.3770  0.1339  4.1478  0.9147
245051:   0.0000  0.0223  0.3333  0.3902  0.0965  4.1577  0.9465
246016:   0.1087  0.0430  0.1000  0.1152  0.0805  4.5527  0.9835
246053:   0.2127  0.0132  0.2000  0.4195  0.1285  4.0261  0.9626
247085:   0.1161  0.0484  0.1000  0.1365  0.1049  4.4941  0.9937
249061:   0.0000  0.0562  0.1333  0.1337  0.1112  4.5656  0.9869
249087:   0.0000  0.1354  0.1667  0.3993  0.1654  4.1333  0.9426
25098:   0.0011  0.0000  0.1667  0.1176  0.1229  4.5917  0.9888
253027:   0.0000  0.0000  0.2000  0.2229  0.1228  4.4543  0.9372
253036:   0.0000  0.0098  0.1000  0.1816  0.1287  4.5798  0.9215
253055:   0.0000  0.2112  0.1667  0.1951  0.1380  4.2890  0.9156
254033:   0.0406  0.0000  0.1667  0.3232  0.1594  4.3101  0.9973
254054:   0.0000  0.0000  0.2333  0.2778  0.1593  4.3295  0.9949
260058:   0.0000  0.1760  0.1667  0.4180  0.1404  4.0990  0.9250
260081:   0.2029  0.0000  0.2667  0.4910  0.1552  3.8842  0.9262
26031:   0.0000  0.0552  0.3000  0.1632  0.1405  4.3412  0.9194
268002:   0.0000  0.0000  0.2000  0.2022  0.0978  4.5001  0.9754
27059:   0.0000  0.0000  0.1667  0.4063  0.1417  4.2853  0.9583
271008:   0.0000  0.0000  0.2000  0.2754  0.1009  4.4237  0.9900
271031:   0.0388  0.2860  0.2000  0.1601  0.1565  4.1586  0.9003
271035:   0.0355  0.0109  0.2000  0.2159  0.1363  4.4014  0.9033
274007:   0.0000  0.1548  0.2667  0.4756  0.1544  3.9486  0.8436
277095:   0.4308  0.0000  0.2333  0.6053  0.1381  3.5924  0.5642
28075:   0.0045  0.0000  0.1667  0.0780  0.1223  4.6285  0.9942
28096:   0.0609  0.2817  0.1667  0.0249  0.1809  4.2850  0.9989
285036:   0.1291  0.0529  0.1333  0.3538  0.1108  4.2200  0.9844
285079:   0.0000  0.1281  0.1000  0.1984  0.1415  4.4320  0.9913
286092:   0.0000  0.0000  0.3000  0.1907  0.1109  4.3984  0.9732
291000:   0.0000  0.0000  0.1000  0.0842  0.1391  4.6767  0.9923
292066:   0.0000  0.0618  0.2333  0.3683  0.1587  4.1778  0.9680
293029:   0.0000  0.0000  0.1000  0.1938  0.1112  4.5950  0.9789
295087:   0.0000  0.0270  0.3000  0.2667  0.1326  4.2738  0.9364
296007:   0.0000  0.0507  0.2000  0.1820  0.1164  4.4508  0.9912
296059:   0.2262  0.0285  0.1000  0.2889  0.0939  4.2625  0.9767
299086:   0.0000  0.0098  0.1667  0.4278  0.1335  4.2622  0.9374
299091:   0.0000  0.1329  0.1667  0.3322  0.1261  4.2422  0.9961
300091:   0.0000  0.0478  0.1667  0.1161  0.0764  4.5930  0.9818
301007:   0.0000  0.0000  0.1000  0.2387  0.1227  4.5386  0.9055
302003:   0.2029  0.0000  0.1000  0.2485  0.0889  4.3597  0.9088
302008:   0.0043  0.0000  0.2333  0.2199  0.0755  4.4669  0.9317
304034:   0.0000  0.0779  0.1000  0.0724  0.1144  4.6354  0.9861
304074:   0.0000  0.0000  0.1000  0.1641  0.1460  4.5899  0.9634
306005:   0.0000  0.0000  0.1000  0.2251  0.1295  4.5453  0.9822
309004:   0.0000  0.0000  0.2000  0.0845  0.1171  4.5984  0.9931
3096:   0.0000  0.0060  0.1667  0.1124  0.1119  4.6031  0.9861
310007:   0.0000  0.0360  0.3333  0.3220  0.1224  4.1862  0.9650
311068:   0.0081  0.0641  0.2667  0.0982  0.1315  4.4314  0.9489
311081:   0.0589  0.0000  0.1667  0.3611  0.1595  4.2538  0.5679
314016:   0.0000  0.0494  0.2667  0.2020  0.1229  4.3591  0.9686
317080:   0.0000  0.0310  0.1333  0.1211  0.0831  4.6315  0.9864
323016:   0.2148  0.0000  0.1333  0.2013  0.0722  4.3783  0.9897
326038:   0.0000  0.0377  0.1667  0.1527  0.1392  4.5037  0.9904
33039:   0.0000  0.0000  0.1667  0.3512  0.1707  4.3115  0.9190
33066:   0.1109  0.0069  0.4667  0.5241  0.1383  3.7531  0.9069
35008:   0.0000  0.0550  0.2000  0.1760  0.1060  4.4630  0.9184
35010:   0.0000  0.0572  0.1000  0.2206  0.1377  4.4845  0.9715
35058:   0.0000  0.0068  0.1000  0.0751  0.1583  4.6597  0.9975
35070:   0.0000  0.0000  0.1333  0.1109  0.1114  4.6444  0.9401
35091:   0.0000  0.2374  0.2667  0.4288  0.1738  3.8933  0.8778
351093:   0.0000  0.0000  0.1333  0.2872  0.1217  4.4578  0.9742
353013:   0.2100  0.0000  0.1000  0.1592  0.1145  4.4164  0.9885
361010:   0.0000  0.0000  0.1667  0.1913  0.1400  4.5020  0.9729
361084:   0.0441  0.0000  0.1000  0.1580  0.1227  4.5752  0.9548
365025:   0.0000  0.0000  0.2333  0.2333  0.1272  4.4062  0.8886
365073:   0.0000  0.1159  0.1667  0.1767  0.1652  4.3755  0.9828
368016:   0.0164  0.0230  0.3333  0.1369  0.1283  4.3621  0.9608
368078:   0.0000  0.0726  0.1333  0.1363  0.1235  4.5343  0.9339
370036:   0.0000  0.0000  0.4667  0.4078  0.1389  3.9866  0.9269
37073:   0.0000  0.0221  0.1667  0.2768  0.1002  4.4342  0.9640
372047:   0.0407  0.0226  0.2667  0.2877  0.1006  4.2818  0.9742
374020:   0.0000  0.0705  0.4000  0.4977  0.1410  3.8907  0.8081
374067:   0.0000  0.0884  0.5333  0.4122  0.1568  3.8092  0.8950
376001:   0.2448  0.0000  0.1000  0.2298  0.1603  4.2651  0.8969
376020:   0.0000  0.0000  0.1667  0.1495  0.1227  4.5612  0.9921
376043:   0.0000  0.0214  0.1000  0.0847  0.1302  4.6638  0.9966
38082:   0.0000  0.0000  0.1000  0.1532  0.1569  4.5899  0.9508
38092:   0.0000  0.2024  0.2000  0.2263  0.1059  4.2655  0.9700
385028:   0.1736  0.0000  0.4667  0.5829  0.1499  3.6270  0.9268
385039:   0.0282  0.0000  0.2333  0.3134  0.1275  4.2975  0.9758
388016:   0.0000  0.0946  0.1333  0.0800  0.0917  4.6004  0.9926
41004:   0.0000  0.0305  0.1000  0.1097  0.1065  4.6533  0.9795
41025:   0.0000  0.0981  0.1667  0.3299  0.1537  4.2517  0.9356
41033:   0.1658  0.1528  0.1667  0.3742  0.0968  4.0439  0.9941
41069:   0.0000  0.0000  0.1000  0.1408  0.1061  4.6531  0.9911
42012:   0.0000  0.0000  0.1667  0.2401  0.1554  4.4378  0.9859
42044:   0.0000  0.0000  0.1000  0.1110  0.0708  4.7181  0.9956
42049:   0.0000  0.0000  0.2000  0.1108  0.0810  4.6082  0.9945
42078:   0.0000  0.0000  0.1000  0.1225  0.0808  4.6967  0.9897
43070:   0.0000  0.0000  0.3000  0.2823  0.1259  4.2918  0.9224
43074:   0.0000  0.0670  0.1000  0.0705  0.1554  4.6071  0.9930
43083:   0.0148  0.0361  0.1667  0.0865  0.1530  4.5430  0.9759
45077:   0.1579  0.0467  0.5333  0.5587  0.1426  3.5608  0.8809
45096:   0.0000  0.0000  0.1333  0.2138  0.1179  4.5350  0.9732
46076:   0.0000  0.1017  0.1333  0.1188  0.1024  4.5437  0.9917
48055:   0.0000  0.0000  0.4000  0.4188  0.1568  4.0244  0.9692
54005:   0.0000  0.1654  0.2000  0.5037  0.1432  3.9877  0.9765
54082:   0.0000  0.1956  0.1667  0.3550  0.1557  4.1271  0.9137
55067:   0.0000  0.1431  0.3667  0.4558  0.1044  3.9301  0.3737
55073:   0.0000  0.0000  0.1000  0.1712  0.1317  4.5972  0.9966
55075:   0.0000  0.0000  0.1667  0.1029  0.1204  4.6100  0.9964
56028:   0.0000  0.2975  0.1000  0.1343  0.1264  4.3418  0.9924
58060:   0.0000  0.0000  0.1000  0.1276  0.0992  4.6732  0.9835
59078:   0.0823  0.0000  0.4000  0.4420  0.1052  3.9705  0.9064
60079:   0.0410  0.2563  0.2667  0.2318  0.1598  4.0444  0.9950
61060:   0.0151  0.0000  0.1333  0.0924  0.1086  4.6506  0.9617
61086:   0.0000  0.0872  0.2333  0.2090  0.1354  4.3350  0.8878
62096:   0.0000  0.2478  0.1333  0.0999  0.1184  4.4007  0.9934
65010:   0.0000  0.1323  0.3333  0.3509  0.1651  4.0183  0.9595
65019:   0.0000  0.0000  0.1000  0.1236  0.1008  4.6756  0.9925
65033:   0.0000  0.0597  0.1000  0.2364  0.1566  4.4473  0.9693
65074:   0.0567  0.0000  0.2333  0.2752  0.1463  4.2885  0.9701
65132:   0.0000  0.1247  0.2333  0.3708  0.1515  4.1197  0.8745
66039:   0.2121  0.0201  0.3333  0.4119  0.1490  3.8736  0.9572
66053:   0.0000  0.0000  0.1000  0.1176  0.1022  4.6802  0.9875
66075:   0.0000  0.0624  0.1000  0.0855  0.1188  4.6333  0.9977
67079:   0.2164  0.0000  0.2000  0.2853  0.1154  4.1829  0.9709
68077:   0.0000  0.2317  0.6667  0.4383  0.1469  3.5165  0.9172
69015:   0.0560  0.0000  0.1667  0.2341  0.1257  4.4175  0.9652
69020:   0.0077  0.1774  0.1667  0.2937  0.1362  4.2184  0.9691
69040:   0.0000  0.0000  0.1000  0.0940  0.1694  4.6366  0.9745
71046:   0.0000  0.0524  0.1333  0.2282  0.1070  4.4790  0.9821
76002:   0.0000  0.0478  0.3333  0.3961  0.1526  4.0702  0.7646
76053:   0.0000  0.2479  0.2333  0.3365  0.1582  4.0240  0.9703
78004:   0.0000  0.0664  0.3000  0.2940  0.1409  4.1986  0.9609
78019:   0.0000  0.0000  0.3667  0.3401  0.1243  4.1689  0.9728
80099:   0.0000  0.1279  0.1000  0.0516  0.0982  4.6223  0.9990
8023:   0.0000  0.0000  0.1000  0.0490  0.1493  4.7017  0.9935
8049:   0.0000  0.0458  0.2333  0.2533  0.1439  4.3236  0.9919
8143:   0.0000  0.0000  0.1000  0.1425  0.1701  4.5874  0.9883
85048:   0.0000  0.0000  0.1333  0.1429  0.1015  4.6222  0.9950
86000:   0.1231  0.0358  0.3667  0.4412  0.1241  3.9091  0.8946
86016:   0.0000  0.0000  0.1000  0.0794  0.0606  4.7600  0.9994
86068:   0.0000  0.1969  0.1333  0.1533  0.1641  4.3524  0.9667
87046:   0.0000  0.0338  0.3333  0.3189  0.1489  4.1651  0.9085
87065:   0.0000  0.0000  0.1000  0.1595  0.1712  4.5692  0.8921
89072:   0.0663  0.0722  0.2000  0.3998  0.1618  4.0999  0.9543
90076:   0.0000  0.0597  0.1333  0.1317  0.0854  4.5899  0.9946
92059:   0.0000  0.0000  0.1000  0.1259  0.1227  4.6513  0.9975
94079:   0.0000  0.0932  0.1667  0.1392  0.1046  4.4964  0.9912
95006:   0.0000  0.0332  0.2000  0.3752  0.1446  4.2471  0.9727
97017:   0.0000  0.0579  0.1667  0.2884  0.0969  4.3902  0.9833
97033:   0.0000  0.2299  0.3000  0.1974  0.1542  4.1186  0.9095
