100075:   0.0143  0.0976  1.2333  0.1679  0.1417  3.3452  0.9770
100080:   0.0000  0.0000  0.1333  0.0663  0.0966  4.7038  0.9867
100098:   0.0374  0.0000  1.9333  0.2470  0.1554  2.6269  0.8966
101085:   0.1709  0.0000  1.8667  0.2378  0.1301  2.5945  0.7994
101087:   0.0000  0.0455  0.5333  0.0674  0.1030  4.2507  0.9409
102061:   0.0000  0.0299  1.1333  0.1767  0.1021  3.5580  0.9511
103041:   0.0000  0.1131  1.1333  0.1809  0.1389  3.4338  0.9222
103070:   0.0000  0.0361  0.3667  0.1231  0.1343  4.3399  0.9425
104022:   0.0000  0.0000  0.4000  0.1232  0.1314  4.3454  0.9531
105019:   0.0119  0.0000  0.2333  0.0390  0.0746  4.6412  0.9545
105025:   0.0000  0.0753  0.5333  0.1011  0.1070  4.1832  0.9797
105053:   0.0000  0.0000  0.2667  0.0693  0.0938  4.5703  0.9696
106020:   0.0000  0.0701  0.9667  0.1502  0.1161  3.6970  0.8170
106024:   0.0000  0.0649  1.0333  0.1606  0.1520  3.5891  0.9161
106025:   0.0000  0.0028  0.1000  0.0388  0.0517  4.8067  0.9235
108005:   0.0000  0.0000  0.2333  0.0877  0.1257  4.5532  0.9628
108041:   0.0000  0.0032  0.7000  0.0852  0.1270  4.0847  0.9847
108070:   0.0000  0.1046  0.4333  0.0894  0.1254  4.2473  0.9364
108073:   0.0000  0.0093  0.1333  0.0379  0.0747  4.7448  0.9669
108082:   0.0000  0.1556  0.2667  0.0915  0.0807  4.4055  0.9699
109034:   0.0000  0.0231  2.0000  0.1666  0.1515  2.6588  0.9527
109053:   0.0000  0.0000  0.4667  0.0929  0.1144  4.3260  0.8951
112082:   0.0000  0.0000  0.4667  0.1283  0.1419  4.2632  0.9385
113009:   0.0000  0.0788  0.4667  0.1297  0.1020  4.2228  0.8762
113016:   0.0000  0.2165  0.7000  0.1515  0.1002  3.8317  0.9502
113044:   0.0000  0.1342  1.1000  0.1127  0.1145  3.5385  0.9636
117054:   0.0254  0.0328  0.9000  0.0546  0.0737  3.9135  0.9259
118020:   0.0000  0.0000  0.1667  0.0487  0.1293  4.6553  0.9967
118035:   0.0000  0.0000  1.3333  0.1087  0.1015  3.4565  0.7429
119082:   0.0000  0.1190  1.8000  0.1978  0.1393  2.7440  0.7129
12003:   0.0288  0.1707  1.3333  0.1547  0.1191  3.1934  0.9449
12074:   0.0000  0.0905  0.4667  0.0853  0.0578  4.2997  0.9824
12084:   0.0517  0.0354  1.2667  0.2562  0.1255  3.2646  0.9429
122048:   0.0000  0.1178  0.3333  0.0731  0.0942  4.3816  0.7240
123074:   0.0000  0.0420  1.3000  0.2268  0.1525  3.2787  0.9758
124084:   0.0809  0.1079  0.5000  0.1511  0.1115  4.0486  0.9739
126007:   0.0000  0.1096  1.2667  0.1121  0.1217  3.3900  0.8115
126039:   0.0000  0.0577  0.8667  0.1018  0.1513  3.8226  0.8656
130026:   0.0000  0.1856  0.7333  0.1209  0.1376  3.8226  0.9095
130034:   0.0000  0.0254  0.9000  0.1547  0.1437  3.7763  0.9163
134008:   0.0000  0.0369  0.2333  0.0645  0.0996  4.5656  0.9672
134035:   0.0000  0.0000  1.0333  0.2393  0.1482  3.5791  0.8767
134052:   0.0000  0.0000  0.4000  0.0972  0.1272  4.3756  0.9687
135037:   0.0000  0.1393  1.0667  0.2378  0.1190  3.4373  0.9229
135069:   0.0064  0.2991  0.1000  0.0372  0.0337  4.5236  0.9928
138032:   0.0000  0.1509  2.7333  0.3260  0.1729  1.6169  0.8763
138078:   0.0000  0.1055  0.1000  0.0371  0.0455  4.7120  0.9826
140055:   0.0000  0.1428  0.5333  0.0514  0.1181  4.1544  0.9884
140075:   0.0056  0.0303  1.0333  0.1557  0.1492  3.6259  0.6077
14037:   0.0329  0.0470  0.8000  0.1853  0.1093  3.8256  0.6721
143090:   0.0000  0.1388  0.5333  0.0750  0.0841  4.1688  0.9509
144067:   0.0000  0.0000  1.0667  0.0853  0.1274  3.7206  0.6082
145014:   0.0000  0.0518  0.5000  0.1032  0.0845  4.2605  0.9818
145053:   0.0000  0.1569  1.4333  0.1491  0.1493  3.1113  0.9157
145086:   0.0000  0.0114  0.9000  0.1428  0.0747  3.8711  0.9749
147021:   0.0188  0.1268  0.3667  0.0386  0.1066  4.3425  0.9319
147062:   0.0000  0.1078  0.9000  0.1081  0.1003  3.7838  0.9766
147091:   0.0000  0.0000  0.6667  0.1017  0.1136  4.1180  0.9638
148026:   0.0000  0.0842  2.2667  0.2684  0.1392  2.2415  0.8110
148089:   0.0000  0.1451  1.3000  0.1727  0.0887  3.2936  0.9348
15004:   0.0000  0.1433  1.8667  0.1958  0.1557  2.6385  0.8386
15088:   0.0000  0.0000  0.1000  0.0329  0.0336  4.8336  0.9399
151087:   0.0000  0.0653  0.5000  0.0851  0.0980  4.2515  0.8596
153077:   0.0000  0.1187  1.1667  0.1338  0.0756  3.5052  0.8515
153093:   0.0000  0.0942  2.4667  0.2808  0.1397  2.0187  0.8946
155060:   0.0152  0.0000  0.9000  0.0713  0.1417  3.8718  0.8516
156065:   0.0000  0.0538  0.6667  0.1529  0.1425  3.9841  0.6558
156079:   0.0000  0.1717  0.6333  0.0946  0.1013  3.9990  0.8958
157036:   0.0369  0.0352  1.4000  0.1861  0.1187  3.2230  0.8612
157055:   0.0000  0.0762  1.0667  0.1322  0.1441  3.5807  0.7738
159008:   0.0000  0.0547  1.6333  0.1532  0.1172  3.0416  0.9215
159029:   0.0291  0.0160  1.3333  0.2040  0.1564  3.2611  0.8165
159045:   0.0000  0.0000  0.9000  0.1245  0.1707  3.8048  0.9555
159091:   0.0000  0.0000  0.2000  0.0597  0.0823  4.6580  0.9787
160068:   0.0000  0.0600  0.4667  0.0961  0.0829  4.2944  0.9206
16052:   0.0000  0.0168  0.8000  0.2292  0.1660  3.7880  0.7725
16077:   0.0000  0.0000  1.2000  0.1736  0.1360  3.4904  0.8972
161062:   0.0000  0.0877  0.6333  0.1221  0.1097  4.0472  0.9889
163014:   0.0000  0.1164  0.5000  0.0487  0.0672  4.2677  0.9577
163062:   0.0000  0.1996  1.1667  0.1667  0.1205  3.3466  0.8637
163085:   0.0646  0.0000  0.6333  0.1166  0.0974  4.0880  0.9822
164074:   0.0000  0.0035  1.2667  0.2400  0.1329  3.3569  0.9703
166081:   0.0153  0.0219  1.5333  0.1672  0.1356  3.1265  0.8478
167062:   0.0505  0.0000  0.6667  0.0426  0.1151  4.1252  0.9662
167083:   0.0109  0.0015  1.2667  0.1464  0.1408  3.4339  0.6518
169012:   0.0000  0.0357  3.5333  0.3341  0.1620  0.9349  0.5964
170054:   0.0000  0.0551  1.4667  0.1972  0.1507  3.1303  0.8035
170057:   0.0000  0.0000  0.3000  0.0820  0.1314  4.4866  0.9478
172032:   0.0000  0.1679  0.7000  0.1593  0.0959  3.8769  0.9680
173036:   0.0000  0.2736  0.7000  0.1384  0.1520  3.7359  0.9589
175032:   0.0000  0.0000  0.6000  0.1191  0.1727  4.1082  0.5900
175043:   0.0000  0.0408  0.6333  0.1240  0.1700  4.0319  0.7363
176019:   0.0000  0.0209  1.3000  0.0971  0.1494  3.4326  0.7154
176035:   0.0000  0.2917  2.3000  0.1594  0.1175  2.1314  0.8458
176039:   0.0000  0.0336  1.3333  0.1695  0.0849  3.3786  0.7899
178054:   0.0000  0.0484  1.1333  0.1378  0.1364  3.5441  0.3796
181018:   0.0000  0.0452  0.6333  0.0957  0.0716  4.1542  0.7052
181079:   0.0000  0.0647  1.0333  0.0984  0.0814  3.7221  0.9364
181091:   0.0000  0.1056  1.1667  0.1221  0.1280  3.4775  0.9798
182053:   0.0032  0.0336  0.6333  0.1277  0.1062  4.0960  0.9416
183055:   0.0000  0.0541  2.2000  0.3182  0.1095  2.3182  0.2615
183087:   0.0000  0.0000  0.6333  0.1325  0.1214  4.1128  0.8127
187003:   0.0000  0.0654  1.2000  0.1305  0.1523  3.4518  0.8138
187029:   0.0000  0.0000  0.7667  0.1342  0.1110  3.9881  0.9665
187039:   0.0000  0.0076  0.2667  0.0711  0.1333  4.5213  0.9528
187071:   0.0579  0.0000  1.0333  0.1999  0.1179  3.5910  0.8089
187083:   0.0000  0.0986  0.3667  0.0920  0.1403  4.3024  0.8228
188005:   0.0441  0.0445  0.5667  0.1422  0.1310  4.0715  0.8575
188063:   0.0000  0.1952  0.3333  0.0989  0.1193  4.2533  0.9816
188091:   0.0000  0.0790  0.4667  0.1064  0.1478  4.2001  0.9668
189003:   0.0000  0.0355  1.9333  0.1732  0.1384  2.7196  0.6583
189011:   0.0000  0.0000  0.7333  0.0818  0.0383  4.1466  0.9499
189080:   0.1609  0.0000  0.5667  0.1839  0.0742  4.0143  0.9152
19021:   0.0000  0.0000  0.1667  0.0633  0.1163  4.6538  0.9759
196015:   0.0000  0.0952  0.5333  0.1440  0.1074  4.1200  0.9700
196073:   0.0000  0.0000  0.1000  0.0359  0.1178  4.7463  0.9926
197017:   0.0000  0.0634  1.2333  0.1374  0.0996  3.4663  0.9487
198004:   0.0291  0.0207  3.0667  0.3546  0.1416  1.3874  0.9082
198023:   0.0000  0.1440  0.3667  0.0768  0.0983  4.3143  0.7508
198054:   0.0000  0.0302  1.4000  0.0916  0.1310  3.3472  0.7429
20008:   0.0000  0.0690  1.9667  0.2418  0.1462  2.5763  0.8451
202012:   0.0000  0.0943  0.2667  0.0774  0.1648  4.3967  0.9502
207056:   0.0000  0.1232  0.3000  0.1310  0.1062  4.3396  0.9628
208001:   0.0000  0.1636  0.4333  0.0687  0.1035  4.2309  0.9555
209070:   0.0000  0.1811  0.6667  0.1581  0.1507  3.8434  0.9509
2092:   0.0000  0.0412  0.3333  0.1200  0.1116  4.3939  0.9543
210088:   0.0000  0.0431  0.9000  0.0618  0.1285  3.8666  0.9914
21077:   0.0000  0.1344  0.1667  0.0724  0.1207  4.5058  0.9877
216041:   0.0000  0.1905  0.4000  0.0808  0.1200  4.2087  0.9660
216053:   0.0000  0.1802  0.7000  0.0953  0.1073  3.9172  0.8931
216066:   0.0000  0.0911  1.1333  0.2113  0.1079  3.4564  0.7772
216081:   0.0000  0.0448  1.4000  0.1571  0.1108  3.2873  0.7324
219090:   0.0000  0.0347  1.9333  0.1182  0.1396  2.7742  0.7770
220075:   0.0000  0.0916  1.0667  0.1445  0.1343  3.5629  0.6285
22013:   0.0000  0.1263  1.3333  0.1521  0.1403  3.2480  0.7589
22090:   0.0000  0.1110  1.7667  0.2188  0.1130  2.7906  0.7402
22093:   0.0356  0.1379  2.0667  0.2540  0.1462  2.3596  0.8077
223061:   0.0936  0.0000  1.5333  0.2307  0.1111  3.0313  0.9711
225017:   0.0000  0.2311  2.3000  0.2360  0.1237  2.1092  0.8293
227040:   0.0000  0.0000  0.5333  0.1623  0.1311  4.1733  0.8402
227046:   0.1190  0.0033  0.8000  0.1579  0.1026  3.8171  0.8936
227092:   0.0867  0.0000  0.4333  0.1382  0.1203  4.2215  0.9951
229036:   0.0000  0.0180  1.1333  0.1171  0.1175  3.6140  0.8599
23025:   0.0432  0.0679  0.5333  0.1217  0.1161  4.1178  0.9885
23080:   0.0000  0.0191  1.2000  0.1273  0.1414  3.5122  0.9597
23084:   0.0000  0.0037  2.5333  0.2124  0.1466  2.1040  0.7820
231015:   0.0000  0.0578  1.6000  0.2065  0.1585  2.9772  0.8627
232038:   0.0000  0.2237  0.7667  0.1136  0.1162  3.7799  0.8613
236017:   0.0000  0.0000  0.4333  0.1193  0.1521  4.2953  0.9153
236037:   0.0000  0.0000  0.3667  0.0925  0.1441  4.3968  0.9478
238011:   0.0549  0.1542  1.2000  0.0656  0.1511  3.3742  0.7500
239007:   0.0000  0.0877  0.8000  0.0862  0.0855  3.9406  0.7742
239096:   0.0000  0.0462  1.7333  0.1781  0.1467  2.8958  0.8397
24004:   0.0000  0.0326  0.8000  0.0952  0.1185  3.9537  0.8733
24063:   0.0483  0.0698  1.5667  0.2884  0.0908  2.9360  0.9006
24077:   0.0405  0.0000  0.9667  0.1125  0.0956  3.7847  0.5870
241004:   0.0056  0.0000  2.6333  0.3309  0.1291  1.9011  0.8417
241048:   0.0081  0.0614  1.4000  0.2179  0.1407  3.1719  0.3549
242078:   0.0000  0.1569  0.7667  0.1409  0.1100  3.8256  0.8089
245051:   0.0000  0.0997  1.1333  0.1826  0.0882  3.4962  0.8996
246016:   0.0000  0.1223  1.6667  0.2366  0.1203  2.8542  0.9415
246053:   0.0000  0.0222  1.2000  0.2285  0.1081  3.4412  0.8654
247085:   0.0920  0.1125  0.5333  0.1240  0.1023  4.0359  0.9733
249061:   0.0000  0.0000  0.6333  0.0847  0.1013  4.1806  0.9648
249087:   0.0000  0.0746  1.1000  0.1605  0.1310  3.5338  0.7692
25098:   0.0000  0.0000  0.3000  0.0548  0.1119  4.5332  0.9871
253027:   0.0000  0.0685  0.6000  0.1193  0.1125  4.0997  0.9143
253036:   0.0000  0.0000  1.0667  0.1558  0.1380  3.6395  0.9439
253055:   0.0000  0.0000  0.9000  0.1562  0.1228  3.8210  0.8441
254033:   0.0649  0.0000  0.8333  0.1502  0.1558  3.7958  0.9568
254054:   0.0445  0.0000  0.8333  0.1944  0.1608  3.7670  0.9626
260058:   0.0000  0.2290  1.4000  0.2668  0.1538  2.9504  0.9212
260081:   0.0257  0.0000  1.2667  0.2145  0.1500  3.3431  0.8488
26031:   0.0000  0.2103  1.1000  0.1417  0.1514  3.3967  0.7799
268002:   0.0000  0.1734  0.4667  0.1062  0.0785  4.1752  0.9128
27059:   0.0000  0.0000  1.2000  0.1206  0.1111  3.5682  0.9847
271008:   0.0000  0.0287  0.9667  0.1730  0.1088  3.7229  0.9290
271031:   0.0000  0.0043  2.0333  0.2360  0.1144  2.6119  0.8663
271035:   0.0000  0.0662  1.1333  0.1700  0.1327  3.4978  0.7643
274007:   0.0000  0.0000  1.6333  0.2207  0.1463  2.9997  0.5953
277095:   0.1179  0.0818  1.9000  0.3050  0.1375  2.4578  0.4753
28075:   0.0205  0.0000  0.3000  0.0372  0.1060  4.5362  0.9871
28096:   0.0624  0.0171  0.1667  0.0120  0.1612  4.5806  0.9828
285036:   0.0049  0.0148  2.0667  0.3139  0.1157  2.4842  0.9099
285079:   0.0000  0.0373  0.8667  0.1342  0.1365  3.8253  0.9768
286092:   0.0000  0.2154  0.7000  0.1775  0.0951  3.8119  0.9178
291000:   0.0000  0.0030  0.6000  0.0802  0.1244  4.1925  0.9529
292066:   0.0000  0.1330  1.0000  0.1916  0.1489  3.5265  0.9333
293029:   0.0000  0.0698  0.2000  0.1093  0.0970  4.5239  0.9728
295087:   0.0000  0.0558  1.1333  0.1041  0.1081  3.5987  0.8982
296007:   0.0000  0.0338  0.5333  0.1054  0.0897  4.2379  0.9873
296059:   0.2207  0.0000  0.8000  0.2566  0.1089  3.6138  0.9086
299086:   0.0000  0.0453  1.2667  0.2206  0.1247  3.3427  0.9269
299091:   0.0000  0.1854  1.1667  0.1947  0.1205  3.3328  0.9449
300091:   0.0286  0.1969  0.2333  0.0230  0.0742  4.4440  0.9846
301007:   0.0000  0.0002  0.9667  0.1755  0.1063  3.7514  0.8016
302003:   0.1041  0.1157  1.2000  0.2025  0.0969  3.2807  0.8349
302008:   0.0000  0.0443  0.4333  0.1037  0.0579  4.3607  0.7441
304034:   0.0000  0.0271  0.2333  0.0594  0.1203  4.5599  0.9576
304074:   0.0000  0.0000  0.3000  0.0654  0.1406  4.4941  0.9365
306005:   0.0000  0.0000  0.3667  0.0724  0.1087  4.4523  0.9840
309004:   0.0000  0.0000  0.2333  0.0400  0.0962  4.6304  0.9914
3096:   0.0000  0.2589  0.1000  0.0529  0.0865  4.5017  0.9840
310007:   0.0000  0.0000  0.6000  0.1077  0.1045  4.1877  0.9612
311068:   0.0332  0.0176  0.2667  0.0302  0.0453  4.6070  0.8934
311081:   0.0218  0.0538  0.8667  0.1456  0.1417  3.7704  0.6674
314016:   0.0000  0.1075  0.3667  0.0832  0.0945  4.3481  0.9660
317080:   0.0000  0.1065  0.3333  0.0742  0.0720  4.4140  0.9738
323016:   0.1135  0.1664  1.3000  0.2531  0.0885  3.0784  0.9689
326038:   0.0000  0.0000  0.6000  0.0983  0.1207  4.1810  0.9219
33039:   0.0018  0.0000  1.0333  0.1718  0.1607  3.6324  0.8844
33066:   0.0000  0.1376  1.8667  0.3199  0.1225  2.5533  0.8826
35008:   0.0000  0.0000  0.4333  0.0998  0.0776  4.3893  0.9555
35010:   0.0000  0.0252  0.8667  0.1726  0.1353  3.8003  0.9163
35058:   0.0366  0.0000  0.1000  0.0150  0.1288  4.7196  0.9972
35070:   0.0000  0.0000  0.7000  0.0945  0.1047  4.1008  0.9588
35091:   0.0000  0.0611  0.5000  0.1420  0.1649  4.1320  0.9224
351093:   0.0000  0.0460  1.2667  0.1602  0.1258  3.4013  0.9223
353013:   0.0726  0.0000  0.4333  0.0696  0.0854  4.3390  0.8648
361010:   0.0000  0.1341  0.8667  0.0910  0.1212  3.7871  0.9201
361084:   0.0063  0.0528  0.8000  0.1755  0.1226  3.8428  0.9269
365025:   0.0000  0.0000  0.1667  0.0392  0.1179  4.6762  0.6206
365073:   0.0000  0.0841  1.4333  0.2006  0.1584  3.1235  0.8578
368016:   0.0000  0.0000  0.5667  0.0729  0.1040  4.2564  0.9012
368078:   0.0000  0.1759  1.5000  0.1314  0.1262  3.0666  0.8561
370036:   0.0000  0.0801  1.4333  0.1847  0.1409  3.1609  0.8548
37073:   0.0000  0.0757  1.1667  0.1488  0.0796  3.5292  0.9360
372047:   0.0000  0.0436  2.2333  0.1389  0.1107  2.4734  0.8880
374020:   0.0000  0.0118  1.8667  0.2353  0.1341  2.7521  0.7173
374067:   0.0000  0.1010  3.0667  0.2595  0.1436  1.4293  0.9080
376001:   0.0000  0.0243  0.9667  0.1101  0.1618  3.7372  0.7239
376020:   0.0000  0.0000  0.7333  0.0734  0.1100  4.0833  0.8910
376043:   0.0000  0.0513  0.2333  0.0555  0.1274  4.5325  0.9909
38082:   0.0000  0.1227  0.4000  0.1379  0.1293  4.2100  0.8497
38092:   0.0000  0.1535  0.9667  0.1332  0.1004  3.6463  0.9512
385028:   0.0000  0.0648  1.7333  0.1812  0.1328  2.8879  0.7923
385039:   0.0151  0.0180  1.4333  0.1876  0.1084  3.2376  0.8899
388016:   0.0000  0.1799  0.1333  0.0458  0.0767  4.5643  0.9869
41004:   0.0000  0.0968  0.3667  0.0726  0.0991  4.3648  0.9638
41025:   0.0073  0.1179  1.0000  0.1911  0.1532  3.5305  0.8939
41033:   0.1069  0.1269  1.5000  0.2560  0.1006  2.9095  0.9453
41069:   0.0000  0.0985  0.4333  0.0790  0.0873  4.3019  0.9844
42012:   0.0000  0.0952  0.1667  0.0951  0.1331  4.5099  0.8803
42044:   0.0000  0.0613  0.9000  0.2204  0.0664  3.7519  0.9745
42049:   0.0000  0.0428  0.8000  0.0803  0.0677  4.0092  0.9849
42078:   0.0000  0.0997  1.2000  0.1939  0.0851  3.4213  0.9310
43070:   0.0000  0.2420  0.2333  0.0587  0.0827  4.3832  0.9498
43074:   0.0000  0.0348  0.4333  0.0746  0.1475  4.3098  0.9891
43083:   0.0000  0.0520  0.5333  0.0973  0.1482  4.1692  0.9710
45077:   0.0000  0.1544  1.2667  0.1336  0.1392  3.3062  0.4957
45096:   0.0000  0.0000  0.5667  0.1068  0.0968  4.2297  0.9532
46076:   0.0000  0.0005  0.8667  0.0801  0.0892  3.9635  0.9218
48055:   0.0000  0.0285  1.1667  0.1556  0.1233  3.5259  0.6796
54005:   0.0000  0.0000  1.5667  0.1471  0.1520  3.1341  0.7512
54082:   0.0000  0.1566  1.0000  0.1797  0.1491  3.5146  0.6337
55067:   0.0420  0.0262  1.3333  0.3563  0.0818  3.1604  0.3008
55073:   0.0000  0.0000  0.8000  0.1322  0.1470  3.9208  0.8425
55075:   0.0000  0.0218  0.4667  0.0742  0.1137  4.3236  0.9724
56028:   0.0000  0.1560  0.7000  0.0861  0.1211  3.9369  0.9841
58060:   0.0000  0.0414  0.4000  0.0634  0.0914  4.4038  0.8944
59078:   0.0000  0.0000  0.7333  0.1565  0.0970  4.0132  0.7632
60079:   0.0287  0.0000  1.0000  0.0922  0.1271  3.7521  0.7835
61060:   0.0025  0.0000  0.2333  0.0328  0.0934  4.6380  0.9261
61086:   0.0000  0.1897  1.1333  0.1301  0.1353  3.4115  0.9268
62096:   0.0000  0.2765  1.0333  0.0841  0.1256  3.4805  0.9696
65010:   0.0000  0.0000  2.4667  0.2699  0.1518  2.1116  0.8590
65019:   0.0000  0.1684  2.6333  0.2171  0.1382  1.8430  0.3183
65033:   0.0000  0.0000  0.7333  0.1248  0.1491  3.9927  0.9420
65074:   0.0000  0.0378  0.7667  0.1200  0.1328  3.9428  0.9233
65132:   0.0000  0.0340  1.7667  0.1976  0.1564  2.8453  0.7583
66039:   0.0000  0.1342  1.6667  0.2003  0.0962  2.9027  0.6046
66053:   0.0000  0.1040  0.3333  0.0804  0.0931  4.3891  0.9660
66075:   0.0000  0.0070  0.7667  0.1162  0.1197  3.9905  0.9790
67079:   0.0874  0.0006  0.9333  0.1609  0.1212  3.6966  0.8610
68077:   0.0000  0.0709  2.1000  0.2016  0.1449  2.4826  0.7693
69015:   0.0564  0.0735  1.0333  0.1939  0.1178  3.5251  0.9322
69020:   0.0325  0.0673  1.0667  0.1774  0.1390  3.5172  0.9331
69040:   0.0000  0.0000  0.3000  0.0913  0.1555  4.4531  0.8668
71046:   0.0000  0.1774  1.1000  0.1981  0.0792  3.4453  0.9574
76002:   0.0000  0.1463  2.9000  0.3004  0.1508  1.5024  0.5108
76053:   0.0000  0.2265  0.8000  0.0800  0.1367  3.7568  0.8961
78004:   0.0000  0.1865  1.2667  0.1375  0.1232  3.2862  0.9057
78019:   0.0000  0.0000  0.5333  0.1107  0.1001  4.2559  0.9477
80099:   0.0037  0.1975  0.1000  0.0296  0.0709  4.5983  0.9987
8023:   0.0085  0.0000  0.1667  0.0295  0.1371  4.6582  0.9578
8049:   0.0000  0.1425  0.3000  0.1059  0.1253  4.3262  0.9781
8143:   0.0118  0.0000  0.8333  0.1556  0.1707  3.8285  0.9729
85048:   0.0000  0.0402  0.5667  0.0889  0.0992  4.2051  0.9760
86000:   0.0115  0.0569  1.0333  0.1805  0.1175  3.6002  0.8639
86016:   0.0000  0.0000  0.1000  0.0316  0.0307  4.8377  0.9988
86068:   0.0000  0.0670  0.6333  0.1217  0.1607  4.0173  0.8983
87046:   0.0000  0.0214  0.4000  0.0997  0.1084  4.3705  0.8740
87065:   0.0000  0.0000  1.0333  0.1521  0.1747  3.6398  0.9019
89072:   0.0000  0.1476  1.1000  0.2052  0.1467  3.4006  0.8841
90076:   0.0000  0.0050  0.5000  0.0780  0.0902  4.3267  0.8997
92059:   0.0000  0.0000  0.4333  0.0696  0.1043  4.3928  0.9883
94079:   0.0000  0.1143  0.3000  0.0800  0.1012  4.4045  0.9857
95006:   0.0000  0.0583  1.3667  0.1800  0.1306  3.2644  0.8679
97017:   0.0000  0.0451  0.3333  0.1385  0.0887  4.3944  0.9742
97033:   0.0000  0.1775  0.5667  0.1390  0.1150  4.0018  0.9842
